0
5
10
15
20
25
30
35
40
45
50
55
60
65
70
75
80
85
90
95
100
105
110
115
120
125
130
135
140
145
150
155
160
165
170
175
180
185
190
195
200
205
210
215
220
225
230
235
240
245
250
255
260
265
270
275
280
285
290
295
300
305
310
315
320
325
330
335
340
345
350
355
360
365
370
375
380
385
390
395
400
405
410
415
420
425
430
435
440
445
450
455
460
465
470
475
480
485
490
495
500
505
510
515
520
525
530
535
540
545
550
555
560
565
570
575
580
585
590
595
600
605
610
615
620
625
630
635
640
645
650
655
660
665
670
675
680
685
690
695
700
705
710
715
720
725
730
735
740
745
750
755
760
765
770
775
780
785
790
795
800
805
810
815
820
825
830
835
840
845
850
855
860
865
870
875
880
885
890
895
900
905
910
915
920
925
930
935
940
945
950
955
960
965
970
975
980
985
990
995
1000
1005
1010
1015
1020
1025
1030
1035
1040
1045
1050
1055
1060
1065
1070
1075
1080
1085
1090
1095
1100
1105
1110
1115
1120
1125
1130
1135
1140
1145
1150
1155
1160
1165
1170
1175
1180
1185
1190
1195
1200
1205
1210
1215
1220
1225
1230
1235
1240
1245
1250
1255
1260
1265
1270
1275
1280
1285
1290
1295
1300
1305
1310
1315
1320
1325
1330
1335
1340
1345
1350
1355
1360
1365
1370
1375
1380
1385
1390
1395
1400
1405
1410
1415
1420
1425
1430
1435
1440
1445
1450
1455
1460
1465
1470
1475
1480
1485
1490
1495
1500
1505
1510
1515
1520
1525
1530
1535
1540
1545
1550
1555
1560
1565
1570
1575
1580
1585
1590
1595
1600
1605
1610
1615
1620
1625
1630
1635
1640
1645
1650
1655
1660
1665
1670
1675
1680
1685
1690
1695
1700
1705
1710
1715
1720
1725
1730
1735
1740
1745
1750
1755
1760
1765
1770
1775
1780
1785
1790
1795
1800
1805
1810
1815
1820
1825
1830
1835
1840
1845
1850
1855
1860
1865
1870
1875
1880
1885
1890
1895
1900
1905
1910
1915
1920
1925
1930
1935
1940
1945
1950
1955
1960
1965
1970
1975
1980
1985
1990
1995
2000
2005
2010
2015
2020
2025
2030
2035
2040
2045
2050
2055
2060
2065
2070
2075
2080
2085
2090
2095
2100
2105
2110
2115
2120
2125
2130
2135
2140
2145
2150
2155
2160
2165
2170
2175
2180
2185
2190
2195
2200
2205
2210
2215
2220
2225
2230
2235
2240
2245
2250
2255
2260
2265
2270
2275
2280
2285
2290
2295
2300
2305
2310
2315
2320
2325
2330
2335
2340
2345
2350
2355
2360
2365
2370
2375
2380
2385
2390
2395
2400
2405
2410
2415
2420
2425
2430
2435
2440
2445
2450
2455
2460
2465
2470
2475
2480
2485
2490
2495
1
6
11
16
21
26
31
36
41
46
51
56
61
66
71
76
81
86
91
96
101
106
111
116
121
126
131
136
141
146
151
156
161
166
171
176
181
186
191
196
201
206
211
216
221
226
231
236
241
246
251
256
261
266
271
276
281
286
291
296
301
306
311
316
321
326
331
336
341
346
351
356
361
366
371
376
381
386
391
396
401
406
411
416
421
426
431
436
441
446
451
456
461
466
471
476
481
486
491
496
501
506
511
516
521
526
531
536
541
546
551
556
561
566
571
576
581
586
591
596
601
606
611
616
621
626
631
636
641
646
651
656
661
666
671
676
681
686
691
696
701
706
711
716
721
726
731
736
741
746
751
756
761
766
771
776
781
786
791
796
801
806
811
816
821
826
831
836
841
846
851
856
861
866
871
876
881
886
891
896
901
906
911
916
921
926
931
936
941
946
951
956
961
966
971
976
981
986
991
996
1001
1006
1011
1016
1021
1026
1031
1036
1041
1046
1051
1056
1061
1066
1071
1076
1081
1086
1091
1096
1101
1106
1111
1116
1121
1126
1131
1136
1141
1146
1151
1156
1161
1166
1171
1176
1181
1186
1191
1196
1201
1206
1211
1216
1221
1226
1231
1236
1241
1246
1251
1256
1261
1266
1271
1276
1281
1286
1291
1296
1301
1306
1311
1316
1321
1326
1331
1336
1341
1346
1351
1356
1361
1366
1371
1376
1381
1386
1391
1396
1401
1406
1411
1416
1421
1426
1431
1436
1441
1446
1451
1456
1461
1466
1471
1476
1481
1486
1491
1496
1501
1506
1511
1516
1521
1526
1531
1536
1541
1546
1551
1556
1561
1566
1571
1576
1581
1586
1591
1596
1601
1606
1611
1616
1621
1626
1631
1636
1641
1646
1651
1656
1661
1666
1671
1676
1681
1686
1691
1696
1701
1706
1711
1716
1721
1726
1731
1736
1741
1746
1751
1756
1761
1766
1771
1776
1781
1786
1791
1796
1801
1806
1811
1816
1821
1826
1831
1836
1841
1846
1851
1856
1861
1866
1871
1876
1881
1886
1891
1896
1901
1906
1911
1916
1921
1926
1931
1936
1941
1946
1951
1956
1961
1966
1971
1976
1981
1986
1991
1996
2001
2006
2011
2016
2021
2026
2031
2036
2041
2046
2051
2056
2061
2066
2071
2076
2081
2086
2091
2096
2101
2106
2111
2116
2121
2126
2131
2136
2141
2146
2151
2156
2161
2166
2171
2176
2181
2186
2191
2196
2201
2206
2211
2216
2221
2226
2231
2236
2241
2246
2251
2256
2261
2266
2271
2276
2281
2286
2291
2296
2301
2306
2311
2316
2321
2326
2331
2336
2341
2346
2351
2356
2361
2366
2371
2376
2381
2386
2391
2396
2401
2406
2411
2416
2421
2426
2431
2436
2441
2446
2451
2456
2461
2466
2471
2476
2481
2486
2491
2496
2
7
12
17
22
27
32
37
42
47
52
57
62
67
72
77
82
87
92
97
102
107
112
117
122
127
132
137
142
147
152
157
162
167
172
177
182
187
192
197
202
207
212
217
222
227
232
237
242
247
252
257
262
267
272
277
282
287
292
297
302
307
312
317
322
327
332
337
342
347
352
357
362
367
372
377
382
387
392
397
402
407
412
417
422
427
432
437
442
447
452
457
462
467
472
477
482
487
492
497
502
507
512
517
522
527
532
537
542
547
552
557
562
567
572
577
582
587
592
597
602
607
612
617
622
627
632
637
642
647
652
657
662
667
672
677
682
687
692
697
702
707
712
717
722
727
732
737
742
747
752
757
762
767
772
777
782
787
792
797
802
807
812
817
822
827
832
837
842
847
852
857
862
867
872
877
882
887
892
897
902
907
912
917
922
927
932
937
942
947
952
957
962
967
972
977
982
987
992
997
1002
1007
1012
1017
1022
1027
1032
1037
1042
1047
1052
1057
1062
1067
1072
1077
1082
1087
1092
1097
1102
1107
1112
1117
1122
1127
1132
1137
1142
1147
1152
1157
1162
1167
1172
1177
1182
1187
1192
1197
1202
1207
1212
1217
1222
1227
1232
1237
1242
1247
1252
1257
1262
1267
1272
1277
1282
1287
1292
1297
1302
1307
1312
1317
1322
1327
1332
1337
1342
1347
1352
1357
1362
1367
1372
1377
1382
1387
1392
1397
1402
1407
1412
1417
1422
1427
1432
1437
1442
1447
1452
1457
1462
1467
1472
1477
1482
1487
1492
1497
1502
1507
1512
1517
1522
1527
1532
1537
1542
1547
1552
1557
1562
1567
1572
1577
1582
1587
1592
1597
1602
1607
1612
1617
1622
1627
1632
1637
1642
1647
1652
1657
1662
1667
1672
1677
1682
1687
1692
1697
1702
1707
1712
1717
1722
1727
1732
1737
1742
1747
1752
1757
1762
1767
1772
1777
1782
1787
1792
1797
1802
1807
1812
1817
1822
1827
1832
1837
1842
1847
1852
1857
1862
1867
1872
1877
1882
1887
1892
1897
1902
1907
1912
1917
1922
1927
1932
1937
1942
1947
1952
1957
1962
1967
1972
1977
1982
1987
1992
1997
2002
2007
2012
2017
2022
2027
2032
2037
2042
2047
2052
2057
2062
2067
2072
2077
2082
2087
2092
2097
2102
2107
2112
2117
2122
2127
2132
2137
2142
2147
2152
2157
2162
2167
2172
2177
2182
2187
2192
2197
2202
2207
2212
2217
2222
2227
2232
2237
2242
2247
2252
2257
2262
2267
2272
2277
2282
2287
2292
2297
2302
2307
2312
2317
2322
2327
2332
2337
2342
2347
2352
2357
2362
2367
2372
2377
2382
2387
2392
2397
2402
2407
2412
2417
2422
2427
2432
2437
2442
2447
2452
2457
2462
2467
2472
2477
2482
2487
2492
2497
3
8
13
18
23
28
33
38
43
48
53
58
63
68
73
78
83
88
93
98
103
108
113
118
123
128
133
138
143
148
153
158
163
168
173
178
183
188
193
198
203
208
213
218
223
228
233
238
243
248
253
258
263
268
273
278
283
288
293
298
303
308
313
318
323
328
333
338
343
348
353
358
363
368
373
378
383
388
393
398
403
408
413
418
423
428
433
438
443
448
453
458
463
468
473
478
483
488
493
498
503
508
513
518
523
528
533
538
543
548
553
558
563
568
573
578
583
588
593
598
603
608
613
618
623
628
633
638
643
648
653
658
663
668
673
678
683
688
693
698
703
708
713
718
723
728
733
738
743
748
753
758
763
768
773
778
783
788
793
798
803
808
813
818
823
828
833
838
843
848
853
858
863
868
873
878
883
888
893
898
903
908
913
918
923
928
933
938
943
948
953
958
963
968
973
978
983
988
993
998
1003
1008
1013
1018
1023
1028
1033
1038
1043
1048
1053
1058
1063
1068
1073
1078
1083
1088
1093
1098
1103
1108
1113
1118
1123
1128
1133
1138
1143
1148
1153
1158
1163
1168
1173
1178
1183
1188
1193
1198
1203
1208
1213
1218
1223
1228
1233
1238
1243
1248
1253
1258
1263
1268
1273
1278
1283
1288
1293
1298
1303
1308
1313
1318
1323
1328
1333
1338
1343
1348
1353
1358
1363
1368
1373
1378
1383
1388
1393
1398
1403
1408
1413
1418
1423
1428
1433
1438
1443
1448
1453
1458
1463
1468
1473
1478
1483
1488
1493
1498
1503
1508
1513
1518
1523
1528
1533
1538
1543
1548
1553
1558
1563
1568
1573
1578
1583
1588
1593
1598
1603
1608
1613
1618
1623
1628
1633
1638
1643
1648
1653
1658
1663
1668
1673
1678
1683
1688
1693
1698
1703
1708
1713
1718
1723
1728
1733
1738
1743
1748
1753
1758
1763
1768
1773
1778
1783
1788
1793
1798
1803
1808
1813
1818
1823
1828
1833
1838
1843
1848
1853
1858
1863
1868
1873
1878
1883
1888
1893
1898
1903
1908
1913
1918
1923
1928
1933
1938
1943
1948
1953
1958
1963
1968
1973
1978
1983
1988
1993
1998
2003
2008
2013
2018
2023
2028
2033
2038
2043
2048
2053
2058
2063
2068
2073
2078
2083
2088
2093
2098
2103
2108
2113
2118
2123
2128
2133
2138
2143
2148
2153
2158
2163
2168
2173
2178
2183
2188
2193
2198
2203
2208
2213
2218
2223
2228
2233
2238
2243
2248
2253
2258
2263
2268
2273
2278
2283
2288
2293
2298
2303
2308
2313
2318
2323
2328
2333
2338
2343
2348
2353
2358
2363
2368
2373
2378
2383
2388
2393
2398
2403
2408
2413
2418
2423
2428
2433
2438
2443
2448
2453
2458
2463
2468
2473
2478
2483
2488
2493
2498
2503
2508
2513
2518
2523
2528
2533
2538
2543
2548
2553
2558
2563
2568
2573
2578
2583
2588
2593
2598
2603
2608
2613
2618
2623
2628
2633
2638
2643
2648
2653
2658
2663
2668
2673
2678
2683
2688
2693
2698
2703
2708
2713
2718
2723
2728
2733
2738
2743
2748
2753
2758
2763
2768
2773
2778
2783
2788
2793
2798
2803
2808
2813
2818
2823
2828
2833
2838
2843
2848
2853
2858
2863
2868
2873
2878
2883
2888
2893
2898
2903
2908
2913
2918
2923
2928
2933
2938
2943
2948
2953
2958
2963
2968
2973
2978
2983
2988
2993
2998
3003
3008
3013
3018
3023
3028
3033
3038
3043
3048
3053
3058
3063
3068
3073
3078
3083
3088
3093
3098
3103
3108
3113
3118
3123
3128
3133
3138
3143
3148
3153
3158
3163
3168
3173
3178
3183
3188
3193
3198
3203
3208
3213
3218
3223
3228
3233
3238
3243
3248
3253
3258
3263
3268
3273
3278
3283
3288
3293
3298
3303
3308
3313
3318
3323
3328
3333
3338
3343
3348
3353
3358
3363
3368
3373
3378
3383
3388
3393
3398
3403
3408
3413
3418
3423
3428
3433
3438
3443
3448
3453
3458
3463
3468
3473
3478
3483
3488
3493
3498
3503
3508
3513
3518
3523
3528
3533
3538
3543
3548
3553
3558
3563
3568
3573
3578
3583
3588
3593
3598
3603
3608
3613
3618
3623
3628
3633
3638
3643
3648
3653
3658
3663
3668
3673
3678
3683
3688
3693
3698
3703
3708
3713
3718
3723
3728
3733
3738
3743
3748
3753
3758
3763
3768
3773
3778
3783
3788
3793
3798
3803
3808
3813
3818
3823
3828
3833
3838
3843
3848
3853
3858
3863
3868
3873
3878
3883
3888
3893
3898
3903
3908
3913
3918
3923
3928
3933
3938
3943
3948
3953
3958
3963
3968
3973
3978
3983
3988
3993
3998
4003
4008
4013
4018
4023
4028
4033
4038
4043
4048
4053
4058
4063
4068
4073
4078
4083
4088
4093
4098
4103
4108
4113
4118
4123
4128
4133
4138
4143
4148
4153
4158
4163
4168
4173
4178
4183
4188
4193
4198
4203
4208
4213
4218
4223
4228
4233
4238
4243
4248
4253
4258
4263
4268
4273
4278
4283
4288
4293
4298
4303
4308
4313
4318
4323
4328
4333
4338
4343
4348
4353
4358
4363
4368
4373
4378
4383
4388
4393
4398
4403
4408
4413
4418
4423
4428
4433
4438
4443
4448
4453
4458
4463
4468
4473
4478
4483
4488
4493
4498
4503
4508
4513
4518
4523
4528
4533
4538
4543
4548
4553
4558
4563
4568
4573
4578
4583
4588
4593
4598
4603
4608
4613
4618
4623
4628
4633
4638
4643
4648
4653
4658
4663
4668
4673
4678
4683
4688
4693
4698
4703
4708
4713
4718
4723
4728
4733
4738
4743
4748
4753
4758
4763
4768
4773
4778
4783
4788
4793
4798
4803
4808
4813
4818
4823
4828
4833
4838
4843
4848
4853
4858
4863
4868
4873
4878
4883
4888
4893
4898
4903
4908
4913
4918
4923
4928
4933
4938
4943
4948
4953
4958
4963
4968
4973
4978
4983
4988
4993
4998
4
9
14
19
24
29
34
39
44
49
54
59
64
69
74
79
84
89
94
99
104
109
114
119
124
129
134
139
144
149
154
159
164
169
174
179
184
189
194
199
204
209
214
219
224
229
234
239
244
249
254
259
264
269
274
279
284
289
294
299
304
309
314
319
324
329
334
339
344
349
354
359
364
369
374
379
384
389
394
399
404
409
414
419
424
429
434
439
444
449
454
459
464
469
474
479
484
489
494
499
504
509
514
519
524
529
534
539
544
549
554
559
564
569
574
579
584
589
594
599
604
609
614
619
624
629
634
639
644
649
654
659
664
669
674
679
684
689
694
699
704
709
714
719
724
729
734
739
744
749
754
759
764
769
774
779
784
789
794
799
804
809
814
819
824
829
834
839
844
849
854
859
864
869
874
879
884
889
894
899
904
909
914
919
924
929
934
939
944
949
954
959
964
969
974
979
984
989
994
999
1004
1009
1014
1019
1024
1029
1034
1039
1044
1049
1054
1059
1064
1069
1074
1079
1084
1089
1094
1099
1104
1109
1114
1119
1124
1129
1134
1139
1144
1149
1154
1159
1164
1169
1174
1179
1184
1189
1194
1199
1204
1209
1214
1219
1224
1229
1234
1239
1244
1249
1254
1259
1264
1269
1274
1279
1284
1289
1294
1299
1304
1309
1314
1319
1324
1329
1334
1339
1344
1349
1354
1359
1364
1369
1374
1379
1384
1389
1394
1399
1404
1409
1414
1419
1424
1429
1434
1439
1444
1449
1454
1459
1464
1469
1474
1479
1484
1489
1494
1499
1504
1509
1514
1519
1524
1529
1534
1539
1544
1549
1554
1559
1564
1569
1574
1579
1584
1589
1594
1599
1604
1609
1614
1619
1624
1629
1634
1639
1644
1649
1654
1659
1664
1669
1674
1679
1684
1689
1694
1699
1704
1709
1714
1719
1724
1729
1734
1739
1744
1749
1754
1759
1764
1769
1774
1779
1784
1789
1794
1799
1804
1809
1814
1819
1824
1829
1834
1839
1844
1849
1854
1859
1864
1869
1874
1879
1884
1889
1894
1899
1904
1909
1914
1919
1924
1929
1934
1939
1944
1949
1954
1959
1964
1969
1974
1979
1984
1989
1994
1999
2004
2009
2014
2019
2024
2029
2034
2039
2044
2049
2054
2059
2064
2069
2074
2079
2084
2089
2094
2099
2104
2109
2114
2119
2124
2129
2134
2139
2144
2149
2154
2159
2164
2169
2174
2179
2184
2189
2194
2199
2204
2209
2214
2219
2224
2229
2234
2239
2244
2249
2254
2259
2264
2269
2274
2279
2284
2289
2294
2299
2304
2309
2314
2319
2324
2329
2334
2339
2344
2349
2354
2359
2364
2369
2374
2379
2384
2389
2394
2399
2404
2409
2414
2419
2424
2429
2434
2439
2444
2449
2454
2459
2464
2469
2474
2479
2484
2489
2494
2499
2504
2509
2514
2519
2524
2529
2534
2539
2544
2549
2554
2559
2564
2569
2574
2579
2584
2589
2594
2599
2604
2609
2614
2619
2624
2629
2634
2639
2644
2649
2654
2659
2664
2669
2674
2679
2684
2689
2694
2699
2704
2709
2714
2719
2724
2729
2734
2739
2744
2749
2754
2759
2764
2769
2774
2779
2784
2789
2794
2799
2804
2809
2814
2819
2824
2829
2834
2839
2844
2849
2854
2859
2864
2869
2874
2879
2884
2889
2894
2899
2904
2909
2914
2919
2924
2929
2934
2939
2944
2949
2954
2959
2964
2969
2974
2979
2984
2989
2994
2999
3004
3009
3014
3019
3024
3029
3034
3039
3044
3049
3054
3059
3064
3069
3074
3079
3084
3089
3094
3099
3104
3109
3114
3119
3124
3129
3134
3139
3144
3149
3154
3159
3164
3169
3174
3179
3184
3189
3194
3199
3204
3209
3214
3219
3224
3229
3234
3239
3244
3249
3254
3259
3264
3269
3274
3279
3284
3289
3294
3299
3304
3309
3314
3319
3324
3329
3334
3339
3344
3349
3354
3359
3364
3369
3374
3379
3384
3389
3394
3399
3404
3409
3414
3419
3424
3429
3434
3439
3444
3449
3454
3459
3464
3469
3474
3479
3484
3489
3494
3499
3504
3509
3514
3519
3524
3529
3534
3539
3544
3549
3554
3559
3564
3569
3574
3579
3584
3589
3594
3599
3604
3609
3614
3619
3624
3629
3634
3639
3644
3649
3654
3659
3664
3669
3674
3679
3684
3689
3694
3699
3704
3709
3714
3719
3724
3729
3734
3739
3744
3749
3754
3759
3764
3769
3774
3779
3784
3789
3794
3799
3804
3809
3814
3819
3824
3829
3834
3839
3844
3849
3854
3859
3864
3869
3874
3879
3884
3889
3894
3899
3904
3909
3914
3919
3924
3929
3934
3939
3944
3949
3954
3959
3964
3969
3974
3979
3984
3989
3994
3999
4004
4009
4014
4019
4024
4029
4034
4039
4044
4049
4054
4059
4064
4069
4074
4079
4084
4089
4094
4099
4104
4109
4114
4119
4124
4129
4134
4139
4144
4149
4154
4159
4164
4169
4174
4179
4184
4189
4194
4199
4204
4209
4214
4219
4224
4229
4234
4239
4244
4249
4254
4259
4264
4269
4274
4279
4284
4289
4294
4299
4304
4309
4314
4319
4324
4329
4334
4339
4344
4349
4354
4359
4364
4369
4374
4379
4384
4389
4394
4399
4404
4409
4414
4419
4424
4429
4434
4439
4444
4449
4454
4459
4464
4469
4474
4479
4484
4489
4494
4499
4504
4509
4514
4519
4524
4529
4534
4539
4544
4549
4554
4559
4564
4569
4574
4579
4584
4589
4594
4599
4604
4609
4614
4619
4624
4629
4634
4639
4644
4649
4654
4659
4664
4669
4674
4679
4684
4689
4694
4699
4704
4709
4714
4719
4724
4729
4734
4739
4744
4749
4754
4759
4764
4769
4774
4779
4784
4789
4794
4799
4804
4809
4814
4819
4824
4829
4834
4839
4844
4849
4854
4859
4864
4869
4874
4879
4884
4889
4894
4899
4904
4909
4914
4919
4924
4929
4934
4939
4944
4949
4954
4959
4964
4969
4974
4979
4984
4989
4994
4999
5004
5009
5014
5019
5024
5029
5034
5039
5044
5049
5054
5059
5064
5069
5074
5079
5084
5089
5094
5099
5104
5109
5114
5119
5124
5129
5134
5139
5144
5149
5154
5159
5164
5169
5174
5179
5184
5189
5194
5199
5204
5209
5214
5219
5224
5229
5234
5239
5244
5249
5254
5259
5264
5269
5274
5279
5284
5289
5294
5299
5304
5309
5314
5319
5324
5329
5334
5339
5344
5349
5354
5359
5364
5369
5374
5379
5384
5389
5394
5399
5404
5409
5414
5419
5424
5429
5434
5439
5444
5449
5454
5459
5464
5469
5474
5479
5484
5489
5494
5499
5504
5509
5514
5519
5524
5529
5534
5539
5544
5549
5554
5559
5564
5569
5574
5579
5584
5589
5594
5599
5604
5609
5614
5619
5624
5629
5634
5639
5644
5649
5654
5659
5664
5669
5674
5679
5684
5689
5694
5699
5704
5709
5714
5719
5724
5729
5734
5739
5744
5749
5754
5759
5764
5769
5774
5779
5784
5789
5794
5799
5804
5809
5814
5819
5824
5829
5834
5839
5844
5849
5854
5859
5864
5869
5874
5879
5884
5889
5894
5899
5904
5909
5914
5919
5924
5929
5934
5939
5944
5949
5954
5959
5964
5969
5974
5979
5984
5989
5994
5999
6004
6009
6014
6019
6024
6029
6034
6039
6044
6049
6054
6059
6064
6069
6074
6079
6084
6089
6094
6099
6104
6109
6114
6119
6124
6129
6134
6139
6144
6149
6154
6159
6164
6169
6174
6179
6184
6189
6194
6199
6204
6209
6214
6219
6224
6229
6234
6239
6244
6249
6254
6259
6264
6269
6274
6279
6284
6289
6294
6299
6304
6309
6314
6319
6324
6329
6334
6339
6344
6349
6354
6359
6364
6369
6374
6379
6384
6389
6394
6399
6404
6409
6414
6419
6424
6429
6434
6439
6444
6449
6454
6459
6464
6469
6474
6479
6484
6489
6494
6499
6504
6509
6514
6519
6524
6529
6534
6539
6544
6549
6554
6559
6564
6569
6574
6579
6584
6589
6594
6599
6604
6609
6614
6619
6624
6629
6634
6639
6644
6649
6654
6659
6664
6669
6674
6679
6684
6689
6694
6699
6704
6709
6714
6719
6724
6729
6734
6739
6744
6749
6754
6759
6764
6769
6774
6779
6784
6789
6794
6799
6804
6809
6814
6819
6824
6829
6834
6839
6844
6849
6854
6859
6864
6869
6874
6879
6884
6889
6894
6899
6904
6909
6914
6919
6924
6929
6934
6939
6944
6949
6954
6959
6964
6969
6974
6979
6984
6989
6994
6999
7004
7009
7014
7019
7024
7029
7034
7039
7044
7049
7054
7059
7064
7069
7074
7079
7084
7089
7094
7099
7104
7109
7114
7119
7124
7129
7134
7139
7144
7149
7154
7159
7164
7169
7174
7179
7184
7189
7194
7199
7204
7209
7214
7219
7224
7229
7234
7239
7244
7249
7254
7259
7264
7269
7274
7279
7284
7289
7294
7299
7304
7309
7314
7319
7324
7329
7334
7339
7344
7349
7354
7359
7364
7369
7374
7379
7384
7389
7394
7399
7404
7409
7414
7419
7424
7429
7434
7439
7444
7449
7454
7459
7464
7469
7474
7479
7484
7489
7494
7499
7504
7509
7514
7519
7524
7529
7534
7539
7544
7549
7554
7559
7564
7569
7574
7579
7584
7589
7594
7599
7604
7609
7614
7619
7624
7629
7634
7639
7644
7649
7654
7659
7664
7669
7674
7679
7684
7689
7694
7699
7704
7709
7714
7719
7724
7729
7734
7739
7744
7749
7754
7759
7764
7769
7774
7779
7784
7789
7794
7799
7804
7809
7814
7819
7824
7829
7834
7839
7844
7849
7854
7859
7864
7869
7874
7879
7884
7889
7894
7899
7904
7909
7914
7919
7924
7929
7934
7939
7944
7949
7954
7959
7964
7969
7974
7979
7984
7989
7994
7999
8004
8009
8014
8019
8024
8029
8034
8039
8044
8049
8054
8059
8064
8069
8074
8079
8084
8089
8094
8099
8104
8109
8114
8119
8124
8129
8134
8139
8144
8149
8154
8159
8164
8169
8174
8179
8184
8189
8194
8199
8204
8209
8214
8219
8224
8229
8234
8239
8244
8249
8254
8259
8264
8269
8274
8279
8284
8289
8294
8299
8304
8309
8314
8319
8324
8329
8334
8339
8344
8349
8354
8359
8364
8369
8374
8379
8384
8389
8394
8399
8404
8409
8414
8419
8424
8429
8434
8439
8444
8449
8454
8459
8464
8469
8474
8479
8484
8489
8494
8499
8504
8509
8514
8519
8524
8529
8534
8539
8544
8549
8554
8559
8564
8569
8574
8579
8584
8589
8594
8599
8604
8609
8614
8619
8624
8629
8634
8639
8644
8649
8654
8659
8664
8669
8674
8679
8684
8689
8694
8699
8704
8709
8714
8719
8724
8729
8734
8739
8744
8749
8754
8759
8764
8769
8774
8779
8784
8789
8794
8799
8804
8809
8814
8819
8824
8829
8834
8839
8844
8849
8854
8859
8864
8869
8874
8879
8884
8889
8894
8899
8904
8909
8914
8919
8924
8929
8934
8939
8944
8949
8954
8959
8964
8969
8974
8979
8984
8989
8994
8999
9004
9009
9014
9019
9024
9029
9034
9039
9044
9049
9054
9059
9064
9069
9074
9079
9084
9089
9094
9099
9104
9109
9114
9119
9124
9129
9134
9139
9144
9149
9154
9159
9164
9169
9174
9179
9184
9189
9194
9199
9204
9209
9214
9219
9224
9229
9234
9239
9244
9249
9254
9259
9264
9269
9274
9279
9284
9289
9294
9299
9304
9309
9314
9319
9324
9329
9334
9339
9344
9349
9354
9359
9364
9369
9374
9379
9384
9389
9394
9399
9404
9409
9414
9419
9424
9429
9434
9439
9444
9449
9454
9459
9464
9469
9474
9479
9484
9489
9494
9499
9504
9509
9514
9519
9524
9529
9534
9539
9544
9549
9554
9559
9564
9569
9574
9579
9584
9589
9594
9599
9604
9609
9614
9619
9624
9629
9634
9639
9644
9649
9654
9659
9664
9669
9674
9679
9684
9689
9694
9699
9704
9709
9714
9719
9724
9729
9734
9739
9744
9749
9754
9759
9764
9769
9774
9779
9784
9789
9794
9799
9804
9809
9814
9819
9824
9829
9834
9839
9844
9849
9854
9859
9864
9869
9874
9879
9884
9889
9894
9899
9904
9909
9914
9919
9924
9929
9934
9939
9944
9949
9954
9959
9964
9969
9974
9979
9984
9989
9994
9999
10004
10009
10014
10019
10024
10029
10034
10039
10044
10049
10054
10059
10064
10069
10074
10079
10084
10089
10094
10099
10104
10109
10114
10119
10124
10129
10134
10139
10144
10149
10154
10159
10164
10169
10174
10179
10184
10189
10194
10199
10204
10209
10214
10219
10224
10229
10234
10239
10244
10249
10254
10259
10264
10269
10274
10279
10284
10289
10294
10299
10304
10309
10314
10319
10324
10329
10334
10339
10344
10349
10354
10359
10364
10369
10374
10379
10384
10389
10394
10399
10404
10409
10414
10419
10424
10429
10434
10439
10444
10449
10454
10459
10464
10469
10474
10479
10484
10489
10494
10499
10504
10509
10514
10519
10524
10529
10534
10539
10544
10549
10554
10559
10564
10569
10574
10579
10584
10589
10594
10599
10604
10609
10614
10619
10624
10629
10634
10639
10644
10649
10654
10659
10664
10669
10674
10679
10684
10689
10694
10699
10704
10709
10714
10719
10724
10729
10734
10739
10744
10749
10754
10759
10764
10769
10774
10779
10784
10789
10794
10799
10804
10809
10814
10819
10824
10829
10834
10839
10844
10849
10854
10859
10864
10869
10874
10879
10884
10889
10894
10899
10904
10909
10914
10919
10924
10929
10934
10939
10944
10949
10954
10959
10964
10969
10974
10979
10984
10989
10994
10999
11004
11009
11014
11019
11024
11029
11034
11039
11044
11049
11054
11059
11064
11069
11074
11079
11084
11089
11094
11099
11104
11109
11114
11119
11124
11129
11134
11139
11144
11149
11154
11159
11164
11169
11174
11179
11184
11189
11194
11199
11204
11209
11214
11219
11224
11229
11234
11239
11244
11249
11254
11259
11264
11269
11274
11279
11284
11289
11294
11299
11304
11309
11314
11319
11324
11329
11334
11339
11344
11349
11354
11359
11364
11369
11374
11379
11384
11389
11394
11399
11404
11409
11414
11419
11424
11429
11434
11439
11444
11449
11454
11459
11464
11469
11474
11479
11484
11489
11494
11499
11504
11509
11514
11519
11524
11529
11534
11539
11544
11549
11554
11559
11564
11569
11574
11579
11584
11589
11594
11599
11604
11609
11614
11619
11624
11629
11634
11639
11644
11649
11654
11659
11664
11669
11674
11679
11684
11689
11694
11699
11704
11709
11714
11719
11724
11729
11734
11739
11744
11749
11754
11759
11764
11769
11774
11779
11784
11789
11794
11799
11804
11809
11814
11819
11824
11829
11834
11839
11844
11849
11854
11859
11864
11869
11874
11879
11884
11889
11894
11899
11904
11909
11914
11919
11924
11929
11934
11939
11944
11949
11954
11959
11964
11969
11974
11979
11984
11989
11994
11999
12004
12009
12014
12019
12024
12029
12034
12039
12044
12049
12054
12059
12064
12069
12074
12079
12084
12089
12094
12099
12104
12109
12114
12119
12124
12129
12134
12139
12144
12149
12154
12159
12164
12169
12174
12179
12184
12189
12194
12199
12204
12209
12214
12219
12224
12229
12234
12239
12244
12249
12254
12259
12264
12269
12274
12279
12284
12289
12294
12299
12304
12309
12314
12319
12324
12329
12334
12339
12344
12349
12354
12359
12364
12369
12374
12379
12384
12389
12394
12399
12404
12409
12414
12419
12424
12429
12434
12439
12444
12449
12454
12459
12464
12469
12474
12479
12484
12489
12494
12499
